39 12 0 6 38 2 0 0 0 0 
0 0 0 4 0 16 0 0 18 0 
0 0 35 0 26 0 0 0 0 31 
0 0 0 0 0 0 0 38 18 35 
20 4 0 0 20 0 1 20 32 0 
0 39 31 25 0 0 22 0 9 14 
38 7 0 0 6 0 0 7 9 19 
0 4 0 31 0 0 21 0 0 10 
33 19 15 0 0 0 7 0 0 0 
0 0 25 0 38 0 38 0 0 0 
0 0 36 10 40 21 0 0 17 33 
32 36 22 0 0 31 38 0 0 4 
33 0 0 0 23 2 13 0 0 22 
5 0 0 5 0 18 38 36 0 5 
7 30 23 0 0 4 0 11 0 0 
0 35 0 0 5 33 29 8 12 0 
40 0 25 0 0 0 11 15 0 39 
0 28 0 0 0 0 6 0 8 37 
33 0 26 21 0 22 28 0 34 9 
0 14 10 0 0 19 33 30 0 0 
36 0 0 19 0 0 11 0 19 0 
0 0 32 0 6 0 24 0 35 0 
26 7 29 0 4 5 0 0 31 0 
32 0 0 0 14 0 36 0 0 4 
17 0 0 9 14 0 0 40 7 0 
0 38 0 23 25 0 34 0 0 20 
30 36 34 30 37 0 0 0 0 12 
0 25 31 0 7 0 22 38 0 0 
0 9 4 7 20 0 14 12 32 0 
0 2 0 21 27 3 40 0 35 14 
33 9 0 0 33 0 0 32 0 0 
40 38 15 0 0 32 5 24 0 0 
39 40 0 33 38 0 0 0 22 0 
4 0 0 3 12 0 0 36 37 22 
0 32 26 37 30 10 25 23 0 0 
0 29 19 0 0 1 37 40 23 0 
12 0 23 0 29 0 0 0 13 2 
0 0 16 25 0 0 11 0 0 0 
0 18 0 0 0 20 40 8 8 0 
0 5 0 3 21 0 0 0 0 33 
